29
38
47
49
56
58
65
67
74
76
83
85
92
94
110
112
118
134
137
140
142
154
155
181
187
196
209
211
217
229
233
236
239
241
253
254
259
280
286
295
299
308
310
316
319
328
329
332
335
338
340
352
353
358
385
394
398
407
409
415
418
419
427
428
431
434
437
451
452
457
484
493
497
506
508
509
514
517
518
526
527
530
533
536
539
550
551
556
583
589
592
596
605
607
608
613
616
617
625
626
632
635
638
649
650
655
682
688
689
691
695
704
706
707
712
715
716
719
724
725
731
734
737
748
749
754
769
779
781
787
788
790
794
799
803
805
806
809
811
814
815
818
823
824
830
833
836
847
848
853
859
868
878
880
886
887
893
898
902
904
905
908
910
913
914
917
919
922
923
932
935
946
947
949
952
958
967
977
979
985
986
992
997
1010
1012
1013
1016
1018
1019
1021
1022
1025
1027
1030
1031
1034
1036
1039
1040
1043
1045
1052
1054
1061
1063
1070
1072
1078
1081
1087
1088
1090
1096
1097
1100
1102
1103
1106
1108
1109
1111
1112
1115
1117
1120
1121
1124
1126
1129
1130
1133
1135
1142
1144
1151
1153
1160
1162
1168
1171
1177
1178
1180
1186
1187
1190
1192
1199
1201
1202
1205
1207
1210
1211
1214
1216
1219
1220
1223
1225
1232
1234
1241
1243
1250
1252
1258
1261
1267
1268
1270
1276
1277
1280
1282
1289
1291
1292
1295
1297
1298
1300
1301
1304
1306
1309
1310
1313
1315
1322
1324
1331
1333
1340
1342
1348
1351
1357
1358
1360
1366
1367
1370
1372
1379
1381
1382
1385
1387
1388
1390
1391
1394
1396
1399
1400
1403
1405
1412
1414
1421
1423
1430
1432
1438
1441
1447
1448
1450
1456
1457
1460
1462
1469
1471
1472
1475
1477
1478
1480
1481
1484
1486
1489
1490
1493
1495
1499
1502
1504
1511
1513
1520
1522
1528
1531
1537
1538
1540
1546
1547
1550
1552
1559
1561
1562
1565
1567
1568
1570
1571
1574
1576
1579
1580
1583
1585
1589
1592
1594
1601
1603
1610
1612
1618
1621
1627
1628
1630
1636
1637
1640
1642
1649
1651
1652
1655
1657
1658
1660
1661
1664
1666
1669
1670
1673
1675
1679
1682
1684
1691
1693
1700
1702
1708
1711
1717
1718
1720
1726
1727
1730
1732
1739
1741
1742
1745
1747
1748
1750
1751
1754
1756
1759
1760
1763
1765
1769
1772
1774
1781
1783
1790
1792
1798
1799
1801
1807
1808
1810
1816
1817
1820
1822
1829
1831
1832
1835
1837
1838
1840
1841
1844
1846
1849
1850
1853
1855
1859
1862
1864
1871
1873
1880
1882
1888
1889
1891
1897
1900
1906
1907
1910
1912
1919
1921
1922
1925
1927
1928
1930
1931
1934
1936
1939
1940
1943
1945
1949
1952
1954
1961
1963
1970
1972
1978
1979
1981
1987
1990
1996
1997
1999
2009
2011
2012
2015
2017
2018
2020
2021
2024
2026
2030
2033
2035
2038
2039
2042
2044
2051
2053
2060
2062
2069
2071
2077
2080
2086
2087
2095
2096
2099
2101
2102
2105
2107
2108
2110
2111
2114
2116
2120
2123
2125
2128
2129
2132
2134
2141
2143
2150
2152
2159
2161
2167
2170
2176
2177
2185
2186
2189
2191
2198
2200
2201
2204
2206
2210
2213
2215
2218
2219
2222
2224
2231
2233
2240
2242
2249
2251
2257
2260
2266
2267
2275
2276
2279
2281
2288
2290
2291
2294
2296
2297
2300
2303
2305
2308
2309
2312
2314
2321
2323
2330
2332
2339
2341
2347
2350
2356
2357
2365
2366
2369
2371
2378
2380
2381
2384
2386
2387
2390
2393
2395
2398
2399
2402
2404
2411
2413
2420
2422
2429
2431
2437
2440
2446
2447
2455
2456
2459
2461
2468
2470
2471
2474
2476
2477
2480
2483
2485
2488
2489
2492
2494
2498
2501
2503
2510
2512
2519
2521
2527
2530
2536
2537
2545
2546
2549
2551
2558
2560
2561
2564
2566
2567
2570
2573
2575
2578
2579
2582
2584
2588
2591
2593
2599
2600
2602
2609
2611
2617
2620
2626
2627
2635
2636
2639
2641
2648
2650
2651
2654
2656
2657
2660
2663
2665
2668
2669
2672
2674
2678
2681
2683
2689
2690
2692
2701
2707
2710
2716
2717
2725
2726
2729
2731
2738
2740
2741
2744
2746
2747
2750
2753
2755
2758
2759
2762
2764
2768
2771
2773
2779
2780
2782
2791
2797
2798
2800
2806
2807
2815
2816
2819
2821
2828
2830
2831
2834
2836
2837
2840
2843
2845
2848
2849
2852
2854
2858
2861
2863
2869
2870
2872
2881
2887
2888
2890
2896
2905
2906
2909
2911
2918
2920
2921
2924
2926
2927
2930
2933
2935
2938
2939
2942
2944
2948
2951
2953
2959
2960
2962
2971
2977
2978
2980
2986
2995
2996
2998
2999
3008
3010
3011
3014
3016
3017
3020
3023
3025
3029
3032
3034
3037
3038
3041
3043
3049
3050
3052
3061
3068
3070
3076
3085
3086
3089
3094
3095
3098
3100
3101
3104
3106
3107
3110
3113
3115
3119
3122
3124
3127
3128
3131
3133
3139
3140
3142
3151
3158
3160
3166
3175
3176
3179
3184
3185
3188
3190
3197
3200
3203
3205
3209
3212
3214
3217
3218
3221
3223
3229
3230
3232
3241
3248
3250
3256
3265
3266
3269
3274
3275
3278
3280
3287
3290
3293
3295
3296
3299
3302
3304
3307
3308
3311
3313
3319
3320
3322
3331
3338
3340
3346
3355
3356
3359
3364
3365
3368
3370
3377
3380
3383
3385
3386
3389
3392
3394
3397
3398
3401
3403
3409
3410
3412
3421
3428
3430
3436
3445
3446
3449
3454
3455
3458
3460
3467
3470
3473
3475
3476
3479
3482
3484
3487
3488
3491
3493
3497
3500
3502
3511
3518
3520
3526
3535
3536
3539
3544
3545
3548
3550
3557
3560
3563
3565
3566
3569
3572
3574
3577
3578
3581
3583
3587
3590
3592
3598
3601
3608
3610
3616
3625
3626
3629
3634
3635
3638
3640
3647
3650
3653
3655
3656
3659
3662
3664
3667
3668
3671
3673
3677
3680
3682
3688
3691
3700
3706
3715
3716
3719
3724
3725
3728
3730
3737
3740
3743
3745
3746
3749
3752
3754
3757
3758
3761
3763
3767
3770
3772
3778
3781
3790
3796
3797
3799
3805
3806
3809
3814
3815
3818
3820
3827
3830
3833
3835
3836
3839
3842
3844
3847
3848
3851
3853
3857
3860
3862
3868
3871
3880
3886
3887
3889
3895
3904
3905
3908
3910
3917
3920
3923
3925
3926
3929
3932
3934
3937
3938
3941
3943
3947
3950
3952
3958
3961
3970
3976
3977
3979
3985
3994
3995
3997
3998
4007
4009
4010
4013
4015
4016
4019
4022
4024
4028
4031
4033
4036
4037
4040
4042
4048
4051
4060
4067
4069
4075
4084
4085
4088
4093
4094
4097
4099
4100
4103
4105
4106
4109
4112
4114
4118
4121
4123
4126
4127
4130
4132
4138
4141
4150
4157
4159
4165
4174
4175
4178
4183
4184
4187
4189
4196
4199
4202
4204
4208
4211
4213
4216
4217
4220
4222
4228
4231
4240
4247
4249
4255
4264
4265
4268
4273
4274
4277
4279
4286
4289
4292
4294
4295
4298
4301
4303
4306
4307
4310
4312
4318
4321
4330
4337
4339
4345
4354
4355
4358
4363
4364
4367
4369
4376
4379
4382
4384
4385
4388
4391
4393
4396
4397
4400
4402
4408
4411
4420
4427
4429
4435
4444
4445
4448
4453
4454
4457
4459
4466
4469
4472
4474
4475
4478
4481
4483
4486
4487
4490
4492
4496
4501
4510
4517
4519
4525
4534
4535
4538
4543
4544
4547
4549
4556
4559
4562
4564
4565
4568
4571
4573
4576
4577
4580
4582
4586
4591
4597
4600
4607
4609
4615
4624
4625
4628
4633
4634
4637
4639
4646
4649
4652
4654
4655
4658
4661
4663
4666
4667
4670
4672
4676
4681
4687
4690
4699
4705
4714
4715
4718
4723
4724
4727
4729
4736
4739
4742
4744
4745
4748
4751
4753
4756
4757
4760
4762
4766
4771
4777
4780
4789
4795
4796
4798
4804
4805
4808
4813
4814
4817
4819
4826
4829
4832
4834
4835
4838
4841
4843
4846
4847
4850
4852
4856
4861
4867
4870
4879
4885
4886
4888
4894
4903
4904
4907
4909
4916
4919
4922
4924
4925
4928
4931
4933
4936
4937
4940
4942
4946
4951
4957
4960
4969
4975
4976
4978
4984
4993
4994
4996
4997
5006
5008
5009
5012
5014
5015
5018
5021
5023
5027
5030
5032
5035
5036
5041
5047
5050
5059
5066
5068
5074
5083
5084
5087
5092
5093
5096
5098
5102
5104
5105
5108
5111
5113
5117
5120
5122
5125
5126
5131
5137
5140
5149
5156
5158
5164
5173
5174
5177
5182
5183
5186
5188
5195
5198
5201
5203
5207
5210
5212
5215
5216
5221
5227
5230
5239
5246
5248
5254
5263
5264
5267
5272
5273
5276
5278
5285
5288
5291
5293
5294
5297
5299
5300
5302
5305
5306
5311
5317
5320
5329
5336
5338
5344
5353
5354
5357
5362
5363
5366
5368
5375
5378
5381
5383
5384
5387
5389
5390
5392
5395
5396
5401
5407
5410
5419
5426
5428
5434
5443
5444
5447
5452
5453
5456
5458
5465
5468
5471
5473
5474
5477
5479
5480
5482
5485
5486
5491
5495
5500
5509
5516
5518
5524
5533
5534
5537
5542
5543
5546
5548
5555
5558
5561
5563
5564
5567
5569
5570
5572
5575
5576
5581
5585
5590
5596
5606
5608
5614
5623
5624
5627
5632
5633
5636
5638
5645
5648
5651
5653
5654
5657
5659
5660
5662
5665
5666
5671
5675
5680
5686
5698
5699
5704
5713
5714
5717
5722
5723
5726
5728
5735
5738
5741
5743
5744
5747
5749
5750
5752
5755
5756
5761
5765
5770
5776
5788
5789
5794
5795
5797
5803
5804
5807
5812
5813
5816
5818
5825
5828
5831
5833
5834
5837
5839
5840
5842
5845
5846
5851
5855
5860
5866
5878
5879
5884
5885
5887
5893
5902
5903
5906
5908
5915
5918
5921
5923
5924
5927
5929
5930
5932
5935
5936
5941
5945
5950
5956
5968
5969
5974
5975
5977
5983
5992
5993
5995
5996
5999
6005
6007
6008
6011
6013
6014
6017
6019
6020
6022
6026
6031
6034
6035
6040
6046
6058
6059
6065
6067
6073
6082
6083
6086
6089
6091
6092
6095
6097
6101
6103
6104
6107
6109
6110
6112
6116
6121
6124
6125
6130
6136
6148
6149
6155
6157
6163
6172
6173
6176
6179
6181
6182
6185
6187
6194
6197
6200
6202
6206
6211
6214
6215
6220
6226
6238
6239
6245
6247
6253
6262
6263
6266
6269
6271
6272
6275
6277
6284
6287
6290
6292
6293
6296
6298
6301
6304
6305
6310
6316
6328
6329
6335
6337
6343
6352
6353
6356
6359
6361
6362
6365
6367
6374
6377
6380
6382
6383
6386
6388
6391
6394
6395
6400
6406
6418
6419
6425
6427
6433
6442
6443
6446
6449
6451
6452
6455
6457
6464
6467
6470
6472
6473
6476
6478
6481
6484
6485
6490
6494
6499
6508
6509
6515
6517
6523
6532
6533
6536
6539
6541
6542
6545
6547
6554
6557
6560
6562
6563
6566
6568
6571
6574
6575
6580
6584
6589
6595
6599
6605
6607
6613
6622
6623
6626
6629
6631
6632
6635
6637
6644
6647
6650
6652
6653
6656
6658
6661
6664
6665
6670
6674
6679
6685
6689
6697
6698
6703
6712
6713
6716
6719
6721
6722
6725
6727
6734
6737
6740
6742
6743
6746
6748
6751
6754
6755
6760
6764
6769
6775
6779
6787
6788
6793
6794
6796
6802
6803
6806
6809
6811
6812
6815
6817
6824
6827
6830
6832
6833
6836
6838
6841
6844
6845
6850
6854
6859
6865
6869
6877
6878
6883
6884
6886
6892
6901
6902
6905
6907
6914
6917
6920
6922
6923
6926
6928
6931
6934
6935
6940
6944
6949
6955
6959
6967
6968
6973
6974
6976
6982
6991
6992
6994
6995
6998
7004
7006
7007
7010
7012
7013
7016
7018
7021
7025
7030
7033
7034
7039
7045
7049
7057
7058
7064
7066
7072
7081
7082
7085
7088
7090
7091
7094
7096
7100
7102
7103
7106
7108
7111
7115
7120
7123
7124
7129
7135
7139
7147
7148
7154
7156
7162
7171
7172
7175
7178
7180
7181
7184
7186
7193
7196
7199
7201
7205
7210
7213
7214
7219
7225
7229
7237
7238
7244
7246
7252
7261
7262
7265
7268
7270
7271
7274
7276
7283
7286
7289
7291
7292
7295
7297
7300
7303
7304
7309
7315
7319
7327
7328
7334
7336
7342
7351
7352
7355
7358
7360
7361
7364
7366
7373
7376
7379
7381
7382
7385
7387
7390
7393
7394
7399
7405
7409
7417
7418
7424
7426
7432
7441
7442
7445
7448
7450
7451
7454
7456
7463
7466
7469
7471
7472
7475
7477
7480
7483
7484
7489
7493
7498
7507
7508
7514
7516
7522
7531
7532
7535
7538
7540
7541
7544
7546
7553
7556
7559
7561
7562
7565
7567
7570
7573
7574
7579
7583
7588
7594
7598
7604
7606
7612
7621
7622
7625
7628
7630
7631
7634
7636
7643
7646
7649
7651
7652
7655
7657
7660
7663
7664
7669
7673
7678
7684
7688
7696
7697
7702
7711
7712
7715
7718
7720
7721
7724
7726
7733
7736
7739
7741
7742
7745
7747
7750
7753
7754
7759
7763
7768
7774
7778
7786
7787
7792
7793
7795
7799
7801
7802
7805
7808
7810
7811
7814
7816
7823
7826
7829
7831
7832
7835
7837
7840
7843
7844
7849
7853
7858
7864
7868
7876
7877
7882
7883
7885
7889
7891
7900
7901
7904
7906
7913
7916
7919
7921
7922
7925
7927
7930
7933
7934
7939
7943
7948
7954
7958
7966
7967
7972
7973
7975
7979
7981
7990
7991
7993
7994
7997
7999
8003
8005
8006
8009
8011
8012
8015
8017
8020
8024
8029
8032
8033
8038
8044
8048
8056
8057
8063
8065
8069
8071
8080
8081
8084
8087
8089
8090
8093
8095
8101
8102
8105
8107
8110
8114
8119
8122
8123
8128
8134
8138
8146
8147
8153
8155
8159
8161
8170
8171
8174
8177
8179
8180
8183
8185
8192
8195
8198
8200
8204
8209
8212
8213
8218
8224
8228
8236
8237
8243
8245
8249
8251
8260
8261
8264
8267
8269
8270
8273
8275
8282
8285
8288
8290
8291
8294
8296
8302
8303
8308
8314
8318
8326
8327
8333
8335
8339
8341
8350
8351
8354
8357
8359
8360
8363
8365
8372
8375
8378
8380
8381
8384
8386
8392
8393
8398
8404
8408
8416
8417
8423
8425
8429
8431
8440
8441
8444
8447
8449
8450
8453
8455
8462
8465
8468
8470
8471
8474
8476
8482
8483
8488
8492
8497
8506
8507
8513
8515
8519
8521
8530
8531
8534
8537
8539
8540
8543
8545
8552
8555
8558
8560
8561
8564
8566
8572
8573
8578
8582
8587
8593
8597
8603
8605
8609
8611
8620
8621
8624
8627
8629
8630
8633
8635
8642
8645
8648
8650
8651
8654
8656
8662
8663
8668
8672
8677
8683
8687
8695
8696
8701
8710
8711
8714
8717
8719
8720
8723
8725
8732
8735
8738
8740
8741
8744
8746
8752
8753
8758
8762
8767
8773
8777
8785
8786
8791
8792
8794
8798
8800
8801
8804
8807
8809
8810
8813
8815
8822
8825
8828
8830
8831
8834
8836
8842
8843
8848
8852
8857
8863
8867
8875
8876
8881
8882
8884
8888
8890
8899
8900
8903
8905
8912
8915
8918
8920
8921
8924
8926
8932
8933
8938
8942
8947
8953
8957
8965
8966
8971
8972
8974
8978
8980
8989
8990
8992
8993
8996
8998
8999
9002
9004
9005
9008
9010
9011
9014
9016
9023
9028
9031
9032
9037
9043
9047
9055
9056
9062
9064
9068
9070
9079
9080
9083
9086
9088
9089
9092
9094
9100
9101
9104
9106
9113
9118
9121
9122
9127
9133
9137
9145
9146
9152
9154
9158
9160
9169
9170
9173
9176
9178
9179
9182
9184
9191
9194
9197
9203
9208
9211
9212
9217
9223
9227
9235
9236
9242
9244
9248
9250
9259
9260
9263
9266
9268
9269
9272
9274
9281
9284
9287
9290
9293
9295
9299
9301
9302
9307
9313
9317
9325
9326
9332
9334
9338
9340
9349
9350
9353
9356
9358
9359
9362
9364
9371
9374
9377
9380
9383
9385
9389
9391
9392
9397
9403
9407
9415
9416
9422
9424
9428
9430
9439
9440
9443
9446
9448
9449
9452
9454
9461
9464
9467
9470
9473
9475
9479
9481
9482
9487
9491
9496
9505
9506
9512
9514
9518
9520
9529
9530
9533
9536
9538
9539
9542
9544
9551
9554
9557
9560
9563
9565
9569
9571
9572
9577
9581
9586
9592
9596
9599
9602
9604
9608
9610
9619
9620
9623
9626
9628
9629
9632
9634
9641
9644
9647
9650
9653
9655
9659
9661
9662
9667
9671
9676
9682
9686
9689
9694
9695
9700
9709
9710
9713
9716
9718
9719
9722
9724
9731
9734
9737
9740
9743
9745
9749
9751
9752
9757
9761
9766
9772
9776
9779
9784
9785
9790
9791
9793
9797
9799
9800
9803
9806
9808
9809
9812
9814
9821
9824
9827
9830
9833
9835
9839
9841
9842
9847
9851
9856
9862
9866
9869
9874
9875
9880
9881
9883
9887
9889
9898
9899
9902
9904
9911
9914
9917
9920
9923
9925
9929
9931
9932
9937
9941
9946
9952
9956
9959
9964
9965
9970
9971
9973
9977
9979
9988
9989
9991
9992
9995
9997
9998
Period: 2, occurs 228 times, cycle: 78 156
Period: 2, occurs 928 times, cycle: 117 288
Period: 2, occurs 68 times, cycle: 11127 23388
Period: 2, occurs 183 times, cycle: 111177 228888
Period: 8, occurs 1891 times, cycle: 111 222 444 888 1677 3489 12333 44556
Period: 14, occurs 35 times, cycle: 11144445 55556688 122223444 455556666 111222222 333333444 666777777 1344444555 6688888899 15666777777 23444444589 11122888899 111111117 222222288
Period: 18, occurs 2840 times, cycle: 1223 4444 8888 16777 34589 112333 444455 889999 1788899 1177777 4558889 13444447 77888888 156667777 233444489 1112278888 11999 11119
